104822
34656032
28813463
2876101
77281
406452690
9269612
43847430
2924816
55599
100963
24127159
8747358
9762274
10524117
11348159
10872298
18646433
162951560
7127822
1425171
391232
3516816
9507120
366954
65331
10887882
207652865
284996
423196
797765
2250260
4594621
36286425
102974082
8372098
164541
17909754
1378665000
23695919
23439189
78736153
5125821
48653419
795601
539560
4857274
7245472
11475982
159999
60765
1170125
10561633
82667685
942333
73543
5731118
10648791
40606052
2051452657
3170542188
2296786207
417424643
911995305
16385068
95688681
340894606
46443959
1316481
102403196
511497415
496575241
5495096
898760
66896109
49117
104937
1979786
65637239
3719300
28206728
34408
12395924
2038501
1815698
1221490
10746740
107317
56186
16582469
162896
773303
1190029421
7346700
9112867
744602976
4170600
10847334
9817958
4697247117
6271593092
1574345975
521159393
261115456
1053186582
83737
1324171354
4773095
80277428
37202572
334252
8547100
60600590
2881355
9455802
126994511
17797032
48461567
6082700
15762370
114395
54821
51245707
4052584
610136397
6758353
6006668
4613823
6293253
178015
637664490
980609415
659272676
37666
21203000
3012923806
6247922508
2203821
2262709895
2872298
582972
1960424
612167
31949
35276786
38499
3552000
24894551
417492
436720722
127540423
53066
5592833481
2081206
17994837
436947
52885223
373719055
622781
3027398
55023
28829476
4301018
1263473
18091575
31187265
359479269
2479713
278000
20672987
185989640
6149928
17018408
5232929
28982771
13049
4692700
1289937319
4424762
29983809
193203476
4034119
31773839
103320222
21503
8084991
37948016
879292453
3411307
25368620
10324611
6725308
4551566
2388875
1102730983
280208
2569804
19705301
144342396
11917508
1766383450
32275687
39578828
15411614
5607283
599419
7396190
6344722
33203
14317996
7057412
1033011458
12230730
1033106135
39618156
199910
558368
5428704
2064845
9903122
1343098
40005
94677
18430453
34900
14452543
2026028438
455372659
7606374
68863514
8734951
5662544
621534921
1268671
369167489
107122
1766383450
1033106135
1364962
11403248
79512426
11097
55572201
41487965
45004645
2579909675
3444006
323127513
31848200
109643
31568179
30661
102951
92701100
270402
7442135578
195125
1816200
27584213
55908865
16591390
16150362
